5.000000000000000000e-01
5.025157232704402510e-01
5.050314465408805020e-01
5.075471698113207530e-01
5.100628930817610041e-01
5.125786163522012551e-01
5.150943396226415061e-01
5.176100628930817571e-01
5.201257861635220081e-01
5.226415094339622591e-01
5.251572327044025101e-01
5.276729559748427612e-01
5.301886792452830122e-01
5.327044025157232632e-01
5.352201257861635142e-01
5.377358490566037652e-01
5.402515723270440162e-01
5.427672955974842672e-01
5.452830188679245182e-01
5.477987421383647693e-01
5.503144654088050203e-01
5.528301886792452713e-01
5.553459119496855223e-01
5.578616352201257733e-01
5.603773584905660243e-01
5.628930817610062753e-01
5.654088050314465264e-01
5.679245283018867774e-01
5.704402515723270284e-01
5.729559748427672794e-01
5.754716981132075304e-01
5.779874213836477814e-01
5.805031446540880324e-01
5.830188679245282835e-01
5.855345911949685345e-01
5.880503144654087855e-01
5.905660377358490365e-01
5.930817610062892875e-01
5.955974842767295385e-01
5.981132075471697895e-01
6.006289308176100405e-01
6.031446540880502916e-01
6.056603773584905426e-01
6.081761006289307936e-01
6.106918238993710446e-01
6.132075471698112956e-01
6.157232704402515466e-01
6.182389937106917976e-01
6.207547169811320487e-01
6.232704402515722997e-01
6.257861635220125507e-01
6.283018867924528017e-01
6.308176100628930527e-01
6.333333333333333037e-01
6.358490566037735547e-01
6.383647798742138058e-01
6.408805031446540568e-01
6.433962264150943078e-01
6.459119496855345588e-01
6.484276729559748098e-01
6.509433962264150608e-01
6.534591194968553118e-01
6.559748427672955629e-01
6.584905660377358139e-01
6.610062893081760649e-01
6.635220125786163159e-01
6.660377358490565669e-01
6.685534591194968179e-01
6.710691823899370689e-01
6.735849056603773199e-01
6.761006289308175710e-01
6.786163522012578220e-01
6.811320754716980730e-01
6.836477987421383240e-01
6.861635220125785750e-01
6.886792452830188260e-01
6.911949685534590770e-01
6.937106918238993281e-01
6.962264150943395791e-01
6.987421383647798301e-01
7.012578616352200811e-01
7.037735849056604431e-01
7.062893081761006941e-01
7.088050314465409452e-01
7.113207547169811962e-01
7.138364779874214472e-01
7.163522012578616982e-01
7.188679245283019492e-01
7.213836477987422002e-01
7.238993710691824512e-01
7.264150943396227023e-01
7.289308176100629533e-01
7.314465408805032043e-01
7.339622641509434553e-01
7.364779874213837063e-01
7.389937106918239573e-01
7.415094339622642083e-01
7.440251572327044594e-01
7.465408805031447104e-01
7.490566037735849614e-01
7.515723270440252124e-01
7.540880503144654634e-01
7.566037735849057144e-01
7.591194968553459654e-01
7.616352201257862164e-01
7.641509433962264675e-01
7.666666666666667185e-01
7.691823899371069695e-01
7.716981132075472205e-01
7.742138364779874715e-01
7.767295597484277225e-01
7.792452830188679735e-01
7.817610062893082246e-01
7.842767295597484756e-01
7.867924528301887266e-01
7.893081761006289776e-01
7.918238993710692286e-01
7.943396226415094796e-01
7.968553459119497306e-01
7.993710691823899817e-01
8.018867924528302327e-01
8.044025157232704837e-01
8.069182389937107347e-01
8.094339622641509857e-01
8.119496855345912367e-01
8.144654088050314877e-01
8.169811320754717388e-01
8.194968553459119898e-01
8.220125786163522408e-01
8.245283018867924918e-01
8.270440251572327428e-01
8.295597484276729938e-01
8.320754716981132448e-01
8.345911949685534958e-01
8.371069182389937469e-01
8.396226415094339979e-01
8.421383647798742489e-01
8.446540880503144999e-01
8.471698113207547509e-01
8.496855345911950019e-01
8.522012578616352529e-01
8.547169811320755040e-01
8.572327044025157550e-01
8.597484276729560060e-01
8.622641509433962570e-01
8.647798742138365080e-01
8.672955974842767590e-01
8.698113207547170100e-01
8.723270440251572611e-01
8.748427672955975121e-01
8.773584905660377631e-01
8.798742138364780141e-01
8.823899371069182651e-01
8.849056603773585161e-01
8.874213836477987671e-01
8.899371069182390181e-01
8.924528301886792692e-01
8.949685534591195202e-01
8.974842767295597712e-01
9.000000000000000222e-01
