1.499999999999999944e-01
1.522689075630251909e-01
1.545378151260504151e-01
1.568067226890756394e-01
1.590756302521008358e-01
1.613445378151260323e-01
1.636134453781512565e-01
1.658823529411764808e-01
1.681512605042016772e-01
1.704201680672268737e-01
1.726890756302520979e-01
1.749579831932773222e-01
1.772268907563025186e-01
1.794957983193277151e-01
1.817647058823529393e-01
1.840336134453781636e-01
1.863025210084033600e-01
1.885714285714285565e-01
1.908403361344537807e-01
1.931092436974790050e-01
1.953781512605042014e-01
1.976470588235293979e-01
1.999159663865546221e-01
2.021848739495798464e-01
2.044537815126050428e-01
2.067226890756302393e-01
2.089915966386554635e-01
2.112605042016806878e-01
2.135294117647058842e-01
2.157983193277310807e-01
2.180672268907563049e-01
2.203361344537815292e-01
2.226050420168067256e-01
2.248739495798319221e-01
2.271428571428571463e-01
2.294117647058823706e-01
2.316806722689075670e-01
2.339495798319327635e-01
2.362184873949579877e-01
2.384873949579832120e-01
2.407563025210084084e-01
2.430252100840336049e-01
2.452941176470588291e-01
2.475630252100840534e-01
2.498319327731092498e-01
2.521008403361344463e-01
2.543697478991596705e-01
2.566386554621848948e-01
2.589075630252101190e-01
2.611764705882352877e-01
2.634453781512605119e-01
2.657142857142857362e-01
2.679831932773109049e-01
2.702521008403361291e-01
2.725210084033613533e-01
2.747899159663865776e-01
2.770588235294118018e-01
2.793277310924370260e-01
2.815966386554621947e-01
2.838655462184873635e-01
2.861344537815125877e-01
2.884033613445378119e-01
2.906722689075630361e-01
2.929411764705882604e-01
2.952100840336134846e-01
2.974789915966387088e-01
2.997478991596638775e-01
3.020168067226890463e-01
3.042857142857142705e-01
3.065546218487394947e-01
3.088235294117647189e-01
3.110924369747899432e-01
3.133613445378151674e-01
3.156302521008403916e-01
3.178991596638655603e-01
3.201680672268907291e-01
3.224369747899159533e-01
3.247058823529411775e-01
3.269747899159664017e-01
3.292436974789916260e-01
3.315126050420168502e-01
3.337815126050420744e-01
3.360504201680672431e-01
3.383193277310924119e-01
3.405882352941176361e-01
3.428571428571428603e-01
3.451260504201680845e-01
3.473949579831933088e-01
3.496638655462185330e-01
3.519327731092437572e-01
3.542016806722689259e-01
3.564705882352940947e-01
3.587394957983193189e-01
3.610084033613445431e-01
3.632773109243697673e-01
3.655462184873949916e-01
3.678151260504202158e-01
3.700840336134454400e-01
3.723529411764706087e-01
3.746218487394957775e-01
3.768907563025210017e-01
3.791596638655462259e-01
3.814285714285714501e-01
3.836974789915966744e-01
3.859663865546218986e-01
3.882352941176471228e-01
3.905042016806722915e-01
3.927731092436974603e-01
3.950420168067226845e-01
3.973109243697479087e-01
3.995798319327731329e-01
4.018487394957983572e-01
4.041176470588235814e-01
4.063865546218488056e-01
4.086554621848740299e-01
4.109243697478991431e-01
4.131932773109243673e-01
4.154621848739495915e-01
4.177310924369748157e-01
4.199999999999999845e-01
